0 3 16 3569
0 7 25 3063
0 3 25 4139
0 6 12 4066
0 9 1 4195
0 2 7 3928
0 0 19 3732
0 3 16 3749
0 0 6 4168
0 2 16 4660
0 1 8 3692
0 7 9 3664
0 2 20 3222
0 2 13 4196
0 7 25 3731
0 9 12 4178
0 2 18 3975
0 9 27 3798
0 3 16 3578
0 1 22 3480
0 9 3 3697
0 1 29 4197
0 4 7 4039
0 8 14 3954
0 5 0 4144
0 3 16 4139
0 1 20 4162
0 6 3 3433
0 2 20 4162
0 6 1 3671
0 5 15 4203
0 4 27 4451
0 6 5 4339
0 6 9 4346
0 3 17 3668
0 4 15 4413
0 2 15 3567
0 4 27 4057
0 4 14 4502
0 3 20 4293
0 7 18 4087
0 6 8 4271
0 8 24 4043
0 3 11 4336
0 4 19 4721
0 2 0 4076
0 6 18 3915
0 9 22 3618
0 6 6 3600
0 4 29 4024
0 5 10 4206
0 4 28 3762
0 7 21 4197
0 7 2 4387
0 7 12 4155
0 2 26 4058
0 1 20 3502
0 6 1 3680
0 5 29 4049
0 4 29 4196
0 0 9 4346
0 1 7 4449
0 7 11 3721
0 1 5 3548
1 9 7 4092
1 7 16 4247
1 7 3 5250
1 6 5 4730
1 6 23 4755
1 9 14 4835
1 8 21 3942
1 2 29 4480
1 3 29 4412
1 0 18 5208
1 8 5 4059
1 0 9 4500
1 6 23 3990
1 8 25 4550
1 6 21 4932
1 1 5 4350
1 9 28 4739
1 4 8 4667
1 1 20 4409
1 3 10 4391
1 4 4 4477
1 4 4 4859
1 7 26 4870
1 3 21 4675
1 7 25 4655
1 9 16 4901
1 2 11 4755
1 7 28 4542
1 5 17 5066
1 4 1 4314
1 8 25 4696
1 9 7 4787
1 5 13 5109
1 8 8 4720
1 3 21 4665
1 8 9 4801
1 6 4 4182
1 3 13 4852
1 3 8 4805
1 6 10 4579
1 4 28 4722
1 8 18 4908
1 9 27 4881
1 7 6 5432
1 4 3 5134
1 0 23 4612
1 0 29 4784
1 2 5 4403
1 4 0 4417
1 5 29 4923
1 4 16 4765
1 9 2 4503
1 2 14 4906
1 7 27 4696
1 5 4 5018
1 8 11 4904
1 2 18 4517
1 9 3 4545
1 6 8 4754
1 0 22 5398
1 1 10 4805
1 5 1 4630
1 1 0 3987
1 8 5 4246
2 0 26 3209
2 4 6 3450
2 2 5 4468
2 8 16 4348
2 2 8 4326
2 4 27 4461
2 2 14 3874
2 0 6 4044
2 2 29 4116
2 9 10 4508
2 8 11 3919
2 3 11 3974
2 1 10 3135
2 3 14 3977
2 0 3 4029
2 9 11 4074
2 9 16 4157
2 9 3 3907
2 3 18 3629
2 0 25 3819
2 6 26 3440
2 4 0 4367
2 0 14 4083
2 6 12 3558
2 6 7 4107
2 5 6 3486
2 9 18 4329
2 7 2 3864
2 8 22 3982
2 9 9 4225
2 6 20 4406
2 2 17 4351
2 6 21 4217
2 3 12 4024
2 1 25 3686
2 9 19 4423
2 1 14 3827
2 9 1 4092
2 0 17 4387
2 5 18 4024
2 7 20 3986
2 4 28 4344
2 0 4 4207
2 2 29 4863
2 6 1 4818
2 0 14 3863
2 2 12 4269
2 2 20 3829
2 5 15 4197
2 2 19 4071
2 0 2 4122
2 8 23 3647
2 8 20 4530
2 4 20 4572
2 9 21 4295
2 9 16 4130
2 2 25 3556
2 4 4 3765
2 9 29 3778
2 3 26 4249
2 0 25 4059
2 0 22 4311
2 9 4 3677
2 3 25 3498
3 1 7 3546
3 4 13 3505
3 1 14 4092
3 6 9 4412
3 4 22 4422
3 2 26 4460
3 4 1 3790
3 2 18 3923
3 8 19 4380
3 2 18 4768
3 8 18 3818
3 6 18 4492
3 3 8 3749
3 3 13 3988
3 3 8 4470
3 0 24 4463
3 7 6 3953
3 8 9 4056
3 0 6 3927
3 8 17 4041
3 9 10 4183
3 3 13 4339
3 3 17 3945
3 3 22 3971
3 6 15 4572
3 2 16 4602
3 5 8 4183
3 7 9 4000
3 6 0 4218
3 4 21 4188
3 0 14 4564
3 8 7 4241
3 0 8 4666
3 6 2 4343
3 4 27 3729
3 9 13 4572
3 9 2 3879
3 8 3 4412
3 0 11 4641
3 7 18 4160
3 9 11 4249
3 5 14 4418
3 9 2 4376
3 5 27 4956
3 4 29 5000
3 9 24 4424
3 5 19 4103
3 3 25 4088
3 7 10 3930
3 8 11 4301
3 9 9 4454
3 7 28 4034
3 2 5 4319
3 3 24 4572
3 9 10 4404
3 2 20 4616
3 1 9 3774
3 6 2 3881
3 1 12 4080
3 0 27 4728
3 3 11 4634
3 1 9 4363
3 0 15 3640
3 6 27 3899
4 7 24 3525
4 0 16 3841
4 4 17 4346
4 4 8 4183
4 5 8 4176
4 2 16 4514
4 0 6 3693
4 6 24 3684
4 6 2 3705
4 8 19 4395
4 6 10 3931
4 7 10 3924
4 1 0 3672
4 1 13 3729
4 7 7 4133
4 2 16 4176
4 4 25 3802
4 2 20 3861
4 2 9 3853
4 0 19 3571
4 9 14 3641
4 5 11 4290
4 0 3 3666
4 7 28 3766
4 8 16 3933
4 0 4 4091
4 6 27 4339
4 6 10 3751
4 9 17 3717
4 5 19 3894
4 7 18 4334
4 5 3 4558
4 3 8 4501
4 3 17 4649
4 9 13 3475
4 7 18 4627
4 7 4 3863
4 1 9 4450
4 0 19 4752
4 8 28 3970
4 5 18 3906
4 4 23 3951
4 7 1 4266
4 3 18 4619
4 0 19 4751
4 7 19 4032
4 9 13 3729
4 2 4 3697
4 3 7 3966
4 1 22 4244
4 2 20 4208
4 2 1 4100
4 7 15 4187
4 1 17 4127
4 4 11 4129
4 7 1 4582
4 1 1 3652
4 7 20 3994
4 4 20 3680
4 8 5 4399
4 1 16 4302
4 6 22 4452
4 1 9 3628
4 6 4 3652
5 8 10 3959
5 8 21 4295
5 0 12 4705
5 2 9 4309
5 7 25 4837
5 6 24 4206
5 6 3 4477
5 7 19 4448
5 7 4 4161
5 9 21 4858
5 7 10 4209
5 6 10 4614
5 8 5 3947
5 3 9 3893
5 4 21 4429
5 5 14 4218
5 1 15 4391
5 5 24 4217
5 9 28 4165
5 3 8 4075
5 5 22 4343
5 2 22 4736
5 7 20 4000
5 3 14 4154
5 6 13 4300
5 6 3 4533
5 3 24 4315
5 4 3 3816
5 9 17 4446
5 2 5 4193
5 8 9 4834
5 0 2 4025
5 4 17 4583
5 6 5 4323
5 7 21 3767
5 3 23 4472
5 3 8 4226
5 5 1 4863
5 0 18 4698
5 7 6 4078
5 3 5 4419
5 0 8 4818
5 0 24 4345
5 1 21 4774
5 3 15 5306
5 9 3 4333
5 4 1 4551
5 5 10 4166
5 8 23 4036
5 5 26 4911
5 5 29 4439
5 9 20 3713
5 7 26 4394
5 3 27 4727
5 6 21 4313
5 5 0 4827
5 6 5 3989
5 0 18 3972
5 1 12 4286
5 2 16 4927
5 9 21 4294
5 0 14 4685
5 2 17 3741
5 4 10 3766
6 3 2 3494
6 8 10 3594
6 3 17 4491
6 0 0 4001
6 3 14 3943
6 9 12 3653
6 7 14 3184
6 2 15 3575
6 2 4 3958
6 4 3 4136
6 8 6 3684
6 0 28 3702
6 9 2 2989
6 2 3 3777
6 1 28 4281
6 3 14 3426
6 2 12 3683
6 4 15 3919
6 1 17 4006
6 5 27 3615
6 1 26 3779
6 9 28 4117
6 1 13 3890
6 3 23 3611
6 7 9 4034
6 8 26 3638
6 7 0 3942
6 4 18 3779
6 4 28 3885
6 1 6 3649
6 8 5 3793
6 2 11 3871
6 9 29 4112
6 6 0 4166
6 6 4 3762
6 9 9 4179
6 0 28 3213
6 9 3 3854
6 1 4 4087
6 8 29 3644
6 6 7 3767
6 7 13 4053
6 7 11 4032
6 2 2 4614
6 1 15 4094
6 0 19 3864
6 0 4 3477
6 0 21 3708
6 3 27 3903
6 4 11 3805
6 1 3 4068
6 0 23 3325
6 2 11 4142
6 7 5 4408
6 6 15 4069
6 4 22 4289
6 2 21 3640
6 7 22 3466
6 4 21 3683
6 6 25 3971
6 7 8 4061
6 5 19 3776
6 2 7 2971
6 3 16 3469
7 4 17 4080
7 9 27 3572
7 2 2 4738
7 1 6 3987
7 3 10 4311
7 2 21 4216
7 5 16 3804
7 5 10 4128
7 0 3 4263
7 4 16 4940
7 6 10 4037
7 2 15 4246
7 8 19 3676
7 5 0 4126
7 6 0 4448
7 8 23 4144
7 7 28 4429
7 2 21 4039
7 0 25 3962
7 8 5 3890
7 5 10 4174
7 7 23 4112
7 8 2 4213
7 3 10 3707
7 7 27 4493
7 7 6 4327
7 9 1 4260
7 1 9 4197
7 0 18 4313
7 9 8 4068
7 8 10 4196
7 3 27 4225
7 0 6 4769
7 9 22 4642
7 1 17 3987
7 7 29 4571
7 7 16 3861
7 2 7 4427
7 1 25 4604
7 8 8 4216
7 4 15 3994
7 6 5 4194
7 6 28 4768
7 4 28 4637
7 8 23 4692
7 8 27 4432
7 5 22 4351
7 4 25 4140
7 0 5 3718
7 7 13 4318
7 2 7 4361
7 2 11 3476
7 3 4 4060
7 9 4 3993
7 1 29 4399
7 5 27 4660
7 4 11 4044
7 2 22 4011
7 1 16 3739
7 2 10 4577
7 2 2 4258
7 9 27 4419
7 4 23 3537
7 5 6 3283
8 1 24 3186
8 0 13 3534
8 1 2 4415
8 7 17 3747
8 9 28 4287
8 1 20 3760
8 7 26 3770
8 0 11 4106
8 0 12 3638
8 5 1 4546
8 9 7 3419
8 1 23 4152
8 1 2 3527
8 0 26 4072
8 8 27 3660
8 4 9 4182
8 2 14 3999
8 4 15 4021
8 9 1 3217
8 2 8 3989
8 9 16 3882
8 0 26 4038
8 4 0 3738
8 9 4 4186
8 5 24 4043
8 6 26 4374
8 3 9 4221
8 9 25 3744
8 2 1 4344
8 3 0 3883
8 9 29 4177
8 1 13 4256
8 4 15 4739
8 8 15 3915
8 7 23 3562
8 3 8 4082
8 9 5 3638
8 5 13 3981
8 8 26 4231
8 0 3 4074
8 3 16 3918
8 1 28 4244
8 7 10 3883
8 5 21 4430
8 1 20 4530
8 3 10 3968
8 0 14 4096
8 5 4 3536
8 2 14 3634
8 9 9 4244
8 9 4 3997
8 9 8 3832
8 1 6 3927
8 3 29 3918
8 3 23 4056
8 4 16 4112
8 1 15 3360
8 6 11 3758
8 7 22 3894
8 2 29 4422
8 2 8 4256
8 1 2 4250
8 4 17 3441
8 8 6 3913
9 3 17 4567
9 7 22 4199
9 3 17 5269
9 2 15 4671
9 3 27 5357
9 6 18 4342
9 1 23 4341
9 6 14 4191
9 0 3 4576
9 5 18 5484
9 5 20 4456
9 9 29 4588
9 8 10 4259
9 2 4 4687
9 9 0 4697
9 1 12 4772
9 0 10 4673
9 6 23 4715
9 9 10 4774
9 8 13 4284
9 8 7 4453
9 3 21 4680
9 0 20 4474
9 5 0 4575
9 3 1 4987
9 8 10 5209
9 1 27 5095
9 9 11 4216
9 0 3 4967
9 5 19 4118
9 4 18 4837
9 4 6 4967
9 9 12 5131
9 9 10 5108
9 3 0 4589
9 3 23 5214
9 7 9 4412
9 4 29 5348
9 9 11 5390
9 9 14 4864
9 2 10 4880
9 6 25 5012
9 9 25 4876
9 6 21 5458
9 1 14 5466
9 3 17 4899
9 2 27 4325
9 3 23 4497
9 9 22 4497
9 4 24 5073
9 4 19 5054
9 9 13 4332
9 8 23 5211
9 2 19 4972
9 5 4 4567
9 3 9 5017
9 4 19 4411
9 5 5 4281
9 7 3 4493
9 9 20 4946
9 7 22 5215
9 7 12 4655
9 9 0 4208
9 5 20 4896
10 4 1 3775
10 7 29 3757
10 3 16 4530
10 2 11 4375
10 2 25 4352
10 3 29 4592
10 1 18 4231
10 8 27 3930
10 0 5 4480
10 2 7 5047
10 9 21 4232
10 9 26 4242
10 3 26 3595
10 8 24 4016
10 6 6 4349
10 7 2 4393
10 7 14 4549
10 1 20 4140
10 0 6 4199
10 4 24 4100
10 3 17 4133
10 3 14 4409
10 7 2 4238
10 1 27 3842
10 9 5 4557
10 6 8 4269
10 9 15 4074
10 5 2 3991
10 1 5 4611
10 9 29 4436
10 1 26 4796
10 2 11 4540
10 0 25 4621
10 3 2 4694
10 1 9 3846
10 7 16 4859
10 8 12 4183
10 0 16 4442
10 4 3 4892
10 3 6 4383
10 9 10 4125
10 4 28 4368
10 5 11 4801
10 2 29 4806
10 7 3 4984
10 8 20 4717
10 9 22 4522
10 3 1 4169
10 8 17 3964
10 4 11 4776
10 6 23 4558
10 8 15 4037
10 5 20 4744
10 1 12 4062
10 6 14 4557
10 8 25 4447
10 6 2 3953
10 5 12 4056
10 6 29 3898
10 1 23 4817
10 3 1 4611
10 5 2 4679
10 6 29 4085
10 4 4 3453
11 6 0 3824
11 7 4 4001
11 3 27 5042
11 9 20 4401
11 0 12 4618
11 2 26 4211
11 9 20 4397
11 3 5 4141
11 5 28 4477
11 7 21 4702
11 7 20 4445
11 6 0 4606
11 4 11 3428
11 3 0 4331
11 2 29 4571
11 6 10 4316
11 9 3 4356
11 5 14 3844
11 3 26 4058
11 4 3 4216
11 1 29 4212
11 1 20 4940
11 9 4 4590
11 5 26 4150
11 2 5 4436
11 9 21 4529
11 7 7 3931
11 4 1 3870
11 1 9 4670
11 1 13 4289
11 8 27 4610
11 4 29 4437
11 3 1 4964
11 3 8 4570
11 7 9 3916
11 3 28 4555
11 8 24 4270
11 0 20 4586
11 8 6 4409
11 8 22 4121
11 3 18 4084
11 5 20 4494
11 5 19 4255
11 2 6 5105
11 8 15 4812
11 2 28 4503
11 3 6 4574
11 7 28 4279
11 7 2 4246
11 6 26 4781
11 2 9 4128
11 7 20 4184
11 3 27 4730
11 2 23 4329
11 5 11 4681
11 7 28 4808
11 9 4 4229
11 1 16 4115
11 4 3 3974
11 5 14 5175
11 8 27 4376
11 3 23 4446
11 5 10 3842
11 1 24 3904
12 5 27 3665
12 0 17 3783
12 8 29 4391
12 9 23 3875
12 9 24 4141
12 6 14 4395
12 5 15 3578
12 5 26 3869
12 0 16 4078
12 2 6 4475
12 9 19 3929
12 2 29 4073
12 6 25 3536
12 5 3 3750
12 8 6 4121
12 7 3 3897
12 6 10 3840
12 2 16 3941
12 9 3 3896
12 0 28 4237
12 7 26 4163
12 5 2 4339
12 4 10 3748
12 0 16 3934
12 8 25 4180
12 4 29 3990
12 4 26 4197
12 8 23 3793
12 2 13 4195
12 6 12 4246
12 2 24 4081
12 7 0 4269
12 4 19 4405
12 6 5 4148
12 4 26 3950
12 4 12 4793
12 5 1 3943
12 6 11 3959
12 3 27 4352
12 7 21 4212
12 2 11 3958
12 0 28 4442
12 9 10 3958
12 1 13 5135
12 4 18 4851
12 5 28 4211
12 2 2 3921
12 0 16 4122
12 3 6 3929
12 1 20 4296
12 5 17 4437
12 4 2 3806
12 0 0 4331
12 3 13 4360
12 9 10 4092
12 4 3 4362
12 3 24 3835
12 2 4 3648
12 5 23 4092
12 8 21 4718
12 1 13 4252
12 1 15 4381
12 8 1 3672
12 3 13 3952
13 9 7 3765
13 5 24 3643
13 4 19 4138
13 6 27 4213
13 2 1 3969
13 0 1 3864
13 3 7 4022
13 7 16 4090
13 3 29 4196
13 1 20 4687
13 4 1 4126
13 1 18 4186
13 6 14 3875
13 3 14 4075
13 7 27 4270
13 0 7 4371
13 4 15 4146
13 3 20 3963
13 7 12 3855
13 9 9 3783
13 3 20 4056
13 2 17 4516
13 9 29 4083
13 5 12 4101
13 0 8 4398
13 3 5 4157
13 9 6 4543
13 5 16 3722
13 3 10 4567
13 2 20 3903
13 7 4 4409
13 7 3 4330
13 0 21 4598
13 6 17 4569
13 5 17 4095
13 8 8 4212
13 9 20 3896
13 7 18 4211
13 0 13 4793
13 1 10 4451
13 3 26 3855
13 7 23 4034
13 2 22 4223
13 1 15 4672
13 3 23 4702
13 8 2 4217
13 8 25 4023
13 8 10 3691
13 8 6 3520
13 9 3 4577
13 3 7 4328
13 4 23 3742
13 7 21 4588
13 3 9 4175
13 6 4 4563
13 2 10 4441
13 2 19 4235
13 5 17 3632
13 4 26 4050
13 4 29 4565
13 1 22 4329
13 3 1 4273
13 8 21 3901
13 3 18 3806
14 9 22 3428
14 4 5 3379
14 1 10 4433
14 0 11 4390
14 3 23 3955
14 0 20 3655
14 0 2 3763
14 2 12 3839
14 4 17 4100
14 9 18 4229
14 5 24 3774
14 7 8 3409
14 6 10 3216
14 0 26 3896
14 4 13 3858
14 7 5 3630
14 8 21 3700
14 0 19 3801
14 3 0 3117
14 2 16 3884
14 4 13 3619
14 8 6 4145
14 7 20 3643
14 8 21 3567
14 9 18 3825
14 1 26 4059
14 4 18 4183
14 5 20 3832
14 1 15 3771
14 9 7 3787
14 0 16 4143
14 2 18 4417
14 9 15 4043
14 0 22 4341
14 7 22 3602
14 8 1 4928
14 7 7 3552
14 9 27 4008
14 9 18 4301
14 8 19 3570
14 8 20 4019
14 5 2 4267
14 0 12 3951
14 4 13 4581
14 7 23 4302
14 0 10 3916
14 1 25 3649
14 8 0 3696
14 0 20 3613
14 4 17 4029
14 5 23 4265
14 1 24 3264
14 2 10 4280
14 1 3 3784
14 0 10 3835
14 4 18 4380
14 2 22 3786
14 0 22 3635
14 4 5 3462
14 8 24 4281
14 0 18 3545
14 4 22 3865
14 5 24 3405
14 2 7 3142
15 5 7 3692
15 5 12 3560
15 2 28 3993
15 6 6 4037
15 0 20 4445
15 9 21 3825
15 2 16 3994
15 9 14 3801
15 8 22 3567
15 8 12 4437
15 7 18 3663
15 6 17 4024
15 7 10 3490
15 9 4 3798
15 5 24 3667
15 2 12 4049
15 3 29 4059
15 6 15 4363
15 7 14 3623
15 3 19 3611
15 4 14 3798
15 0 26 4192
15 0 12 3596
15 2 8 3664
15 4 23 4317
15 1 1 4348
15 1 19 4049
15 0 10 3518
15 0 12 4018
15 5 27 3511
15 6 19 4375
15 1 29 3956
15 8 17 4367
15 6 15 3887
15 1 11 3774
15 4 28 4423
15 5 7 3774
15 6 26 4225
15 9 11 4576
15 4 23 3947
15 6 17 4056
15 6 29 4421
15 7 26 4022
15 0 29 4699
15 0 17 4713
15 6 6 3994
15 8 27 3731
15 7 16 3486
15 6 25 3487
15 3 7 4013
15 6 19 4194
15 7 2 3727
15 6 14 4191
15 0 7 4058
15 5 24 3890
15 0 21 3907
15 2 8 3818
15 0 11 3522
15 5 22 3967
15 0 27 4470
15 1 6 4153
15 4 29 3869
15 5 23 3888
15 5 1 3670
16 1 0 4198
16 0 17 3973
16 0 28 4801
16 1 16 4639
16 4 1 4984
16 4 29 4736
16 8 16 4276
16 2 22 4218
16 5 2 4435
16 3 22 5110
16 7 13 4682
16 9 10 4599
16 1 15 3684
16 0 6 4192
16 9 17 5058
16 9 12 4506
16 8 29 4377
16 9 8 4356
16 9 3 4548
16 6 23 4210
16 6 10 4587
16 4 14 5186
16 9 26 4426
16 6 14 4561
16 1 9 4674
16 8 0 4910
16 4 9 4951
16 0 25 4136
16 5 20 4550
16 1 26 4785
16 0 22 4681
16 8 18 4707
16 4 29 4872
16 8 3 4813
16 4 4 3970
16 9 21 4927
16 7 25 4716
16 7 26 5174
16 2 4 4586
16 2 5 4788
16 5 0 4059
16 5 12 4523
16 9 7 4451
16 7 26 5499
16 8 1 5128
16 2 20 4741
16 3 22 4488
16 8 7 4111
16 4 26 4493
16 3 8 4708
16 0 14 4946
16 9 7 4105
16 9 27 5071
16 5 1 4596
16 3 27 4899
16 8 20 5274
16 9 25 4276
16 2 21 4439
16 3 2 4354
16 7 23 5397
16 3 2 4583
16 3 18 4746
16 6 21 4521
16 6 0 4121
17 9 21 3875
17 9 1 3697
17 5 0 4831
17 9 14 4228
17 9 26 4643
17 8 12 3883
17 4 6 3895
17 5 13 3936
17 4 27 4172
17 4 27 4627
17 1 14 3950
17 0 24 4111
17 8 3 3492
17 3 24 4144
17 6 1 4444
17 5 25 4347
17 4 26 4617
17 6 19 4263
17 6 27 4186
17 5 16 4371
17 4 3 3998
17 0 10 4124
17 2 15 4078
17 3 18 4253
17 5 20 4575
17 5 26 4388
17 6 27 4720
17 3 4 4068
17 0 18 4432
17 0 8 3572
17 1 15 4210
17 3 25 4210
17 1 21 4267
17 4 0 4167
17 1 1 4325
17 8 5 4557
17 7 28 3861
17 5 21 4497
17 6 0 4755
17 9 11 4589
17 2 24 4382
17 9 0 4629
17 1 4 4249
17 4 13 4911
17 2 25 4945
17 1 3 4134
17 2 16 4038
17 0 6 4239
17 9 26 3954
17 8 10 4722
17 8 6 4453
17 7 25 3854
17 4 14 4621
17 6 10 4468
17 5 25 4458
17 3 19 4280
17 1 5 3991
17 0 24 3830
17 9 16 4099
17 7 24 4962
17 3 20 4534
17 9 6 4062
17 6 10 3801
17 4 5 3882
18 8 2 3670
18 8 26 3955
18 8 15 4474
18 3 4 4244
18 0 21 4400
18 7 7 4375
18 8 20 3778
18 8 19 3786
18 7 8 4012
18 3 19 4435
18 7 12 4015
18 5 20 4315
18 2 24 3367
18 8 0 4049
18 6 22 4820
18 6 25 3991
18 6 6 4403
18 3 24 4262
18 1 27 4272
18 1 13 3982
18 0 28 3903
18 2 19 4484
18 0 1 3947
18 0 28 4031
18 1 6 4240
18 7 18 4043
18 8 22 4344
18 1 13 3806
18 8 19 4330
18 3 5 4048
18 4 11 4614
18 2 12 4667
18 7 27 4814
18 9 1 4497
18 4 20 3996
18 4 27 4169
18 8 27 4017
18 6 28 4314
18 0 8 4572
18 6 21 4325
18 4 5 3944
18 2 25 4441
18 9 3 4739
18 8 28 4888
18 4 13 4673
18 5 10 4053
18 5 9 4091
18 3 4 3867
18 6 22 4024
18 5 23 4173
18 2 20 3805
18 0 0 4074
18 9 28 4903
18 0 29 4337
18 6 17 4484
18 2 21 4809
18 4 14 3925
18 8 4 3930
18 9 8 4023
18 4 24 5086
18 1 19 4378
18 6 8 4153
18 0 19 3539
18 3 26 3695
19 3 18 4139
19 9 15 4380
19 0 1 4666
19 7 1 4742
19 9 28 4835
19 2 6 4692
19 7 5 4316
19 9 13 4450
19 9 19 4821
19 7 29 5019
19 7 3 4404
19 5 10 4715
19 4 11 4007
19 9 4 4178
19 1 24 5094
19 3 26 4715
19 4 12 4650
19 2 27 4662
19 6 11 4497
19 8 5 4155
19 1 21 4746
19 3 0 5208
19 6 14 4888
19 4 7 4549
19 5 23 5008
19 8 22 4862
19 7 13 5020
19 5 3 4440
19 7 14 4616
19 8 10 4767
19 0 1 4715
19 6 4 4685
19 5 18 4547
19 3 11 4938
19 2 22 4246
19 9 15 5346
19 5 4 4166
19 6 23 5043
19 1 22 5129
19 0 6 4795
19 5 21 4443
19 9 4 5028
19 4 16 4848
19 8 21 5532
19 0 8 5298
19 1 22 5158
19 9 8 4673
19 8 6 4543
19 8 12 4303
19 0 2 5084
19 4 19 5216
19 8 1 4075
19 5 26 5263
19 4 26 5029
19 8 16 4857
19 3 25 5006
19 7 24 4546
19 2 4 4424
19 0 22 4491
19 7 2 5266
19 0 11 4623
19 6 1 4402
19 9 4 4649
19 9 29 4413
20 6 9 3990
20 4 12 3944
20 0 12 4980
20 3 6 4523
20 8 29 4608
20 2 18 4408
20 6 27 4263
20 3 15 4229
20 3 5 4215
20 9 15 5085
20 9 7 4621
20 9 19 4330
20 0 25 3797
20 2 21 4104
20 0 12 4359
20 0 16 4673
20 3 6 4248
20 9 4 4369
20 8 4 4576
20 0 18 3936
20 4 4 4237
20 8 12 4795
20 4 12 3963
20 7 7 4396
20 9 9 4228
20 3 29 4886
20 8 24 4908
20 0 18 4126
20 0 15 4266
20 9 20 4223
20 9 21 4499
20 8 2 4597
20 8 27 4757
20 6 8 4606
20 4 8 3445
20 9 28 5106
20 3 17 4677
20 0 7 5163
20 1 29 4650
20 6 23 4533
20 0 21 3990
20 4 8 4607
20 6 16 4582
20 6 6 4981
20 1 27 5409
20 8 12 4482
20 9 16 4043
20 5 9 4235
20 4 13 4195
20 7 8 4890
20 2 28 4800
20 8 27 3890
20 6 0 4405
20 4 29 4317
20 1 2 4429
20 2 22 4933
20 4 6 3921
20 0 2 4397
20 3 19 3995
20 8 16 4986
20 8 26 4601
20 9 27 4574
20 2 6 3995
20 8 18 3868
21 9 8 3909
21 8 11 3913
21 6 8 4615
21 0 14 4038
21 8 4 4463
21 4 22 4051
21 9 6 4283
21 4 15 4122
21 5 14 4150
21 7 20 4655
21 5 17 3933
21 6 4 4216
21 3 5 3777
21 3 17 4196
21 3 22 4364
21 8 23 4315
21 0 8 4336
21 6 6 4235
21 9 27 4228
21 1 9 3926
21 3 27 4261
21 1 22 4731
21 3 15 3747
21 7 0 4199
21 2 16 4261
21 0 17 4385
21 3 27 4585
21 1 8 3715
21 4 7 4403
21 6 28 3625
21 9 16 4670
21 3 29 4601
21 6 9 4811
21 7 25 4290
21 6 10 4075
21 5 22 4585
21 7 6 4393
21 6 3 4617
21 2 14 4560
21 3 6 4551
21 0 24 4013
21 3 26 4693
21 3 7 4479
21 4 29 4779
21 4 22 4890
21 9 13 4376
21 8 2 4244
21 4 25 3892
21 4 23 3927
21 2 2 4566
21 4 17 4228
21 4 11 3751
21 6 1 4411
21 6 8 4351
21 7 10 4486
21 4 29 4748
21 6 29 4097
21 5 1 3942
21 6 0 4359
21 2 12 4901
21 2 12 4326
21 7 23 4276
21 6 21 3743
21 0 10 3722
22 7 22 3705
22 3 11 3691
22 0 7 4501
22 4 18 4258
22 0 21 4305
22 8 7 4078
22 3 24 3710
22 7 11 3997
22 3 24 4204
22 4 22 4727
22 4 26 3678
22 4 9 4000
22 8 14 3910
22 2 15 3958
22 7 12 4180
22 7 4 3986
22 4 0 4010
22 5 6 4135
22 0 0 3629
22 4 0 3687
22 3 12 3795
22 0 28 4489
22 6 29 3951
22 9 22 3881
22 3 5 4380
22 4 18 4058
22 1 10 4411
22 7 2 3851
22 4 29 4150
22 9 22 3453
22 3 26 4301
22 6 7 4358
22 7 4 4286
22 6 19 4212
22 6 0 3894
22 9 9 4620
22 5 11 3687
22 7 3 4523
22 0 8 4780
22 5 4 3873
22 3 9 3897
22 4 6 3995
22 2 3 4596
22 8 6 5012
22 2 17 4813
22 0 27 4166
22 6 17 4034
22 4 3 3903
22 1 2 3904
22 4 17 4464
22 5 25 4486
22 8 0 3710
22 7 17 4068
22 3 17 3972
22 7 29 4545
22 3 22 4577
22 0 27 4024
22 8 12 3705
22 0 7 3958
22 1 24 4647
22 6 1 3792
22 1 22 4202
22 8 18 3759
22 7 1 3664
23 0 1 3908
23 0 7 4299
23 9 20 4476
23 7 26 4551
23 9 3 4879
23 3 16 4760
23 4 19 4073
23 8 24 4283
23 6 29 4625
23 9 17 5049
23 8 10 4160
23 1 14 4850
23 3 25 4060
23 9 14 3994
23 3 8 4677
23 5 25 4966
23 2 18 4475
23 3 21 4628
23 8 2 4516
23 7 0 4300
23 5 22 4593
23 6 21 4803
23 1 17 4229
23 8 28 4222
23 6 7 4616
23 7 14 4537
23 9 10 4907
23 0 12 4447
23 7 11 4276
23 6 2 4528
23 0 4 4501
23 8 22 4472
23 2 23 5156
23 3 22 5065
23 7 22 4317
23 4 15 5241
23 4 1 4151
23 6 18 4774
23 0 14 5363
23 8 18 4732
23 3 15 4230
23 2 14 5003
23 7 14 4723
23 7 15 5903
23 6 15 5251
23 7 16 4724
23 9 7 4512
23 0 3 4610
23 2 13 4498
23 8 10 4635
23 5 2 4704
23 5 11 4187
23 5 1 4853
23 1 5 4655
23 8 29 4830
23 3 13 5005
23 6 17 4479
23 8 16 4090
23 2 25 4291
23 1 20 5305
23 0 10 4747
23 8 22 4827
23 8 28 4057
23 7 10 4400
24 1 5 3912
24 0 8 3644
24 0 7 4649
24 1 25 4290
24 1 3 5014
24 3 9 4363
24 4 8 3933
24 2 23 3886
24 6 20 4270
24 9 20 5005
24 7 10 4163
24 2 10 4722
24 0 0 3802
24 4 0 4239
24 8 11 4371
24 1 9 4553
24 9 23 4320
24 9 9 4141
24 1 12 3861
24 6 24 3581
24 7 19 3991
24 3 2 4497
24 8 17 4805
24 5 16 3991
24 0 4 4476
24 6 29 4660
24 6 8 4460
24 9 26 3890
24 8 25 4320
24 9 28 4264
24 7 0 4409
24 7 8 4699
24 5 8 5081
24 7 8 4934
24 0 5 3522
24 2 28 4457
24 5 27 3998
24 2 15 5072
24 7 9 4607
24 1 7 4180
24 3 29 4003
24 6 19 4258
24 9 8 4472
24 7 7 4744
24 3 26 5108
24 5 2 4505
24 8 4 4660
24 0 26 4027
24 4 19 4350
24 6 16 4418
24 5 29 4483
24 6 12 4013
24 8 28 4522
24 7 25 4202
24 7 20 4496
24 2 12 4853
24 9 1 4355
24 3 18 4443
24 1 23 3891
24 7 26 4811
24 1 14 4489
24 9 22 4342
24 0 1 4168
24 8 6 3887
25 3 14 4005
25 2 0 4054
25 5 29 4455
25 4 24 4268
25 9 1 5112
25 9 19 4125
25 3 14 3904
25 1 2 3636
25 5 17 4231
25 2 16 4836
25 0 21 3994
25 4 21 4078
25 5 3 3486
25 5 7 4248
25 7 23 4368
25 3 2 4477
25 0 27 4056
25 4 27 4086
25 6 28 4085
25 1 8 3967
25 9 3 4187
25 7 12 4379
25 7 20 4106
25 6 24 4115
25 7 10 4329
25 2 9 4706
25 1 6 4725
25 3 28 3821
25 2 28 4179
25 5 29 3695
25 2 10 4340
25 3 14 4418
25 7 17 4434
25 1 26 4676
25 5 25 3753
25 4 6 4874
25 8 1 4083
25 0 15 4366
25 1 8 5102
25 9 21 4248
25 8 11 4044
25 0 19 4349
25 7 23 4224
25 9 11 4751
25 2 6 5087
25 2 6 4524
25 6 25 3615
25 0 15 4096
25 4 23 4095
25 1 19 4373
25 8 7 4839
25 7 16 4101
25 8 27 4477
25 3 22 4607
25 5 24 4243
25 3 15 4758
25 7 5 4093
25 6 15 3930
25 9 5 3977
25 8 13 4970
25 3 21 4725
25 9 19 4391
25 6 1 3815
25 7 21 3999
26 4 0 4309
26 2 5 4024
26 8 20 4970
26 1 16 4638
26 9 7 4501
26 0 15 4371
26 1 13 4342
26 2 29 4143
26 9 19 4477
26 6 10 5094
26 6 24 4127
26 3 20 4500
26 5 4 3511
26 1 24 4411
26 5 28 4516
26 5 21 4559
26 9 9 4368
26 6 7 4280
26 9 10 4223
26 5 9 4383
26 7 16 4352
26 6 18 4545
26 1 8 4068
26 9 2 4135
26 9 15 4581
26 4 6 4588
26 2 27 4521
26 6 17 4271
26 1 27 4333
26 1 28 4240
26 6 18 4713
26 0 17 4705
26 8 16 5334
26 6 19 4726
26 6 1 4359
26 8 5 5116
26 9 6 4344
26 6 1 4725
26 7 25 4891
26 5 26 4142
26 3 0 4411
26 2 5 4732
26 9 28 4360
26 2 13 5639
26 8 26 4906
26 1 6 4619
26 6 1 4388
26 3 4 4074
26 0 9 4323
26 6 28 4498
26 2 6 4477
26 4 12 4107
26 3 20 4507
26 5 20 4679
26 7 22 4932
26 8 10 5046
26 2 3 4286
26 5 4 4045
26 3 0 4360
26 7 11 5278
26 8 28 4588
26 7 24 4518
26 2 2 3817
26 1 2 3870
27 1 7 3433
27 2 6 4136
27 3 26 4709
27 0 18 4033
27 8 7 4734
27 0 8 4198
27 9 9 4340
27 8 14 4163
27 2 26 4090
27 8 27 4912
27 8 5 4068
27 9 28 4274
27 3 26 3758
27 4 17 4055
27 1 5 4209
27 9 24 4532
27 4 12 4283
27 0 10 4011
27 0 10 3912
27 8 1 3942
27 7 21 4727
27 9 9 4631
27 0 19 4072
27 3 4 3700
27 7 3 4351
27 1 17 4352
27 8 2 4345
27 5 3 3770
27 1 22 4171
27 1 12 4295
27 9 2 4259
27 6 24 4782
27 6 29 4743
27 6 29 4773
27 9 24 3633
27 0 19 5093
27 5 1 4213
27 0 7 4417
27 2 13 5083
27 3 12 4296
27 8 27 4128
27 1 16 4728
27 1 29 4559
27 1 12 4806
27 1 24 4691
27 6 10 4758
27 7 23 3953
27 6 25 4362
27 2 22 4009
27 4 23 4346
27 9 16 4491
27 4 16 3736
27 7 24 4469
27 6 22 4291
27 9 19 4249
27 6 7 4988
27 8 17 4244
27 5 22 3905
27 6 27 4120
27 4 7 4425
27 1 21 4701
27 8 10 4835
27 6 6 3857
27 6 20 3916
28 9 0 3543
28 5 8 3251
28 7 10 4038
28 4 26 4217
28 6 10 3786
28 0 26 3782
28 2 6 3717
28 5 22 3564
28 4 11 3910
28 4 2 4220
28 0 11 3741
28 0 13 3962
28 4 20 3580
28 4 0 3601
28 6 22 3901
28 2 17 3985
28 2 17 3713
28 5 1 3604
28 9 20 3693
28 0 16 3373
28 2 0 3641
28 2 14 4137
28 9 29 3931
28 9 15 3799
28 0 13 3899
28 7 10 3759
28 4 19 3869
28 4 18 3436
28 9 10 3742
28 0 28 3448
28 2 22 3780
28 5 16 3855
28 2 11 3806
28 8 21 4335
28 3 0 3565
28 7 7 3836
28 2 11 3529
28 4 21 4284
28 1 13 4297
28 6 13 4030
28 8 16 3692
28 6 13 4025
28 5 2 3889
28 3 7 4552
28 2 26 4548
28 5 6 3898
28 8 20 3868
28 2 12 3674
28 3 2 3392
28 4 8 4071
28 2 3 3810
28 8 25 3478
28 7 22 3943
28 8 18 4102
28 7 7 4159
28 3 15 4068
28 3 9 3879
28 0 28 3447
28 1 6 3751
28 5 15 4460
28 2 2 3882
28 1 12 4147
28 5 6 3852
28 5 8 3532
29 8 29 4103
29 9 3 4088
29 4 17 5060
29 0 1 4477
29 1 20 4444
29 1 28 4063
29 7 5 4321
29 3 20 4207
29 6 26 4866
29 1 18 5042
29 2 8 4126
29 5 4 4288
29 3 9 3768
29 6 18 4319
29 5 11 5233
29 8 15 4440
29 2 19 4557
29 0 27 4361
29 6 0 4472
29 0 7 4390
29 3 2 4482
29 7 10 4897
29 7 11 4568
29 3 13 4159
29 7 26 4722
29 3 9 4806
29 6 19 4651
29 5 29 4422
29 8 21 5005
29 7 5 4473
29 3 28 5197
29 0 27 4996
29 7 23 4942
29 4 16 4961
29 5 15 4136
29 5 28 4955
29 9 13 4279
29 9 16 4786
29 6 24 4893
29 1 15 4578
29 0 7 4635
29 6 16 4995
29 8 21 4467
29 6 8 5063
29 2 25 5195
29 3 7 4426
29 3 25 4579
29 5 11 4381
29 8 21 4261
29 7 26 5065
29 8 12 4526
29 4 7 4069
29 7 3 4799
29 3 3 4297
29 7 7 4641
29 8 9 5198
29 6 4 4523
29 6 24 4103
29 5 4 4281
29 2 0 5296
29 9 7 4724
29 7 15 4538
29 4 4 3851
29 6 5 3825
30 6 15 3716
30 1 24 3237
30 9 25 4089
30 2 7 4180
30 1 17 3924
30 0 10 3479
30 6 21 3347
30 0 22 3109
30 5 8 4391
30 6 13 4163
30 2 10 3787
30 3 11 3788
30 9 12 2975
30 6 26 3685
30 7 14 3937
30 1 13 3510
30 1 24 3590
30 9 11 3657
30 1 1 3635
30 0 2 3944
30 1 12 3598
30 5 27 3808
30 3 25 3790
30 0 21 3477
30 5 28 4022
30 6 7 4241
30 1 9 3812
30 0 2 3734
30 3 29 3549
30 8 0 3469
30 3 21 3896
30 5 27 3913
30 7 27 4146
30 0 19 4180
30 8 10 3600
30 3 1 4112
30 4 18 3885
30 9 10 4025
30 5 11 4133
30 3 0 3464
30 1 19 3900
30 9 2 4000
30 0 10 3610
30 7 3 4501
30 9 17 4316
30 6 14 3744
30 9 23 3855
30 3 8 3824
30 0 3 3787
30 7 11 3942
30 5 11 3751
30 2 12 3380
30 1 3 3596
30 2 27 3412
30 4 15 3658
30 9 16 4204
30 4 19 3803
30 0 24 3749
30 1 7 3297
30 9 0 4486
30 5 15 3672
30 6 26 3607
30 1 10 3244
30 4 21 3396
31 5 2 3807
31 4 3 3572
31 5 7 4466
31 5 26 4739
31 2 7 4095
31 5 17 3992
31 4 5 3850
31 3 18 3674
31 6 13 4531
31 4 7 4605
31 1 23 4323
31 9 8 3992
31 1 27 3379
31 4 2 4237
31 9 8 4750
31 5 5 4002
31 2 2 3909
31 0 7 3774
31 1 15 4034
31 6 3 4012
31 2 11 4537
31 0 28 4704
31 8 15 4242
31 6 24 4066
31 9 12 4599
31 3 12 4513
31 7 22 4223
31 2 28 3966
31 2 16 4399
31 2 11 3911
31 6 0 4066
31 8 19 4568
31 2 8 4005
31 8 25 4468
31 5 14 3981
31 8 29 4547
31 8 19 4099
31 7 26 4493
31 4 5 4577
31 3 25 4088
31 7 6 4188
31 9 15 4192
31 1 11 4348
31 5 25 4795
31 9 20 4915
31 6 6 4260
31 2 7 4035
31 7 6 4166
31 7 5 3572
31 1 23 4442
31 2 29 4459
31 2 0 3670
31 0 20 4461
31 8 7 4616
31 5 1 4305
31 4 5 4523
31 0 24 3825
31 0 13 3991
31 7 17 3830
31 8 17 4670
31 7 14 4549
31 3 11 4247
31 3 10 3927
31 7 21 3836
32 7 18 3905
32 6 11 3729
32 0 28 4898
32 3 20 4218
32 0 22 4378
32 9 6 4220
32 5 14 3930
32 3 7 4155
32 0 15 3996
32 0 27 4865
32 2 28 4182
32 4 2 3630
32 5 7 3807
32 3 18 4293
32 9 1 4539
32 1 9 4008
32 9 7 4107
32 0 29 4126
32 6 16 3977
32 2 8 3935
32 8 1 3923
32 6 15 4354
32 7 9 4115
32 3 7 4001
32 4 5 4251
32 5 27 4274
32 4 19 4329
32 1 9 4091
32 9 4 4388
32 9 20 4050
32 5 21 4589
32 1 17 4369
32 8 12 4558
32 8 26 4699
32 8 20 3848
32 5 28 4546
32 4 11 4329
32 5 21 4402
32 1 20 4798
32 9 15 4286
32 6 26 3952
32 4 22 4272
32 5 25 4196
32 1 26 4430
32 0 20 5010
32 9 27 4226
32 3 0 3736
32 6 2 3644
32 4 15 3903
32 0 2 4268
32 7 25 4466
32 2 3 3753
32 9 20 4547
32 7 20 4415
32 0 16 4022
32 7 28 4735
32 4 24 4013
32 0 11 4022
32 9 21 3848
32 8 11 4348
32 4 9 4265
32 1 7 4410
32 9 7 3736
32 1 14 3742
33 4 22 4799
33 8 4 4692
33 9 23 5355
33 9 8 5297
33 3 16 5338
33 0 15 5266
33 4 10 4698
33 4 28 4927
33 4 4 5643
33 0 23 5787
33 8 10 5180
33 7 14 4913
33 9 28 4579
33 3 28 4956
33 7 15 5395
33 4 4 5213
33 9 13 5004
33 8 8 4844
33 8 7 4977
33 9 11 5086
33 6 29 5352
33 8 10 5362
33 9 2 5257
33 9 13 5095
33 9 19 5191
33 9 17 5584
33 9 26 5301
33 3 10 5167
33 6 6 5506
33 8 13 5270
33 3 5 5492
33 7 12 5550
33 0 17 5636
33 3 8 5504
33 7 22 4782
33 1 3 5748
33 3 29 4818
33 5 23 5360
33 2 14 5542
33 8 23 5156
33 5 19 4853
33 2 16 5416
33 7 25 4660
33 6 23 5861
33 1 27 5792
33 9 15 5504
33 2 8 4926
33 9 12 4762
33 8 2 4858
33 0 5 5372
33 4 1 5219
33 0 0 4550
33 2 5 5556
33 3 16 5268
33 2 13 5115
33 9 7 5826
33 5 11 4912
33 4 2 4903
33 8 12 4771
33 8 22 5771
33 9 9 5490
33 9 11 5287
33 9 18 4541
33 5 27 4655
34 3 5 3474
34 4 29 3665
34 8 24 4355
34 9 13 4232
34 2 14 4589
34 9 4 4389
34 8 9 3859
34 3 23 4062
34 2 19 4318
34 7 3 4912
34 2 5 3678
34 5 3 4231
34 6 24 3607
34 7 16 3843
34 4 22 4113
34 3 17 4521
34 0 0 4000
34 7 10 4121
34 6 16 4274
34 3 8 4170
34 1 23 4479
34 4 21 4267
34 4 8 4060
34 6 28 4029
34 7 15 4277
34 1 29 4553
34 3 18 4483
34 3 19 3993
34 4 2 4094
34 5 9 3592
34 4 11 4233
34 8 14 4384
34 1 27 4596
34 7 19 3948
34 4 10 4138
34 8 7 4447
34 5 24 4170
34 0 19 4271
34 2 18 4638
34 0 0 4337
34 3 11 4023
34 1 16 4604
34 2 16 4557
34 6 26 4782
34 8 3 5041
34 7 5 4479
34 4 16 4209
34 1 17 4412
34 3 28 3878
34 9 19 4672
34 9 19 4053
34 8 26 4035
34 3 8 4117
34 8 16 4262
34 6 18 4451
34 8 22 4322
34 1 21 4093
34 8 13 3872
34 8 6 4119
34 0 18 5066
34 0 7 4585
34 3 16 4333
34 5 5 3635
34 6 29 4018
35 3 25 3830
35 0 4 3768
35 4 29 4028
35 3 27 4075
35 7 1 4296
35 5 26 3881
35 9 13 3561
35 8 10 3966
35 7 18 3974
35 6 5 4386
35 5 18 3749
35 3 5 4191
35 7 9 3082
35 1 3 3610
35 4 17 4289
35 4 9 3853
35 4 4 3824
35 6 18 3712
35 5 29 3867
35 8 25 3991
35 2 13 4163
35 1 11 4505
35 9 1 4028
35 3 16 3769
35 9 21 4223
35 3 14 4096
35 9 28 4066
35 1 27 3946
35 9 3 4150
35 0 13 4083
35 2 16 3978
35 5 9 3969
35 2 13 4212
35 7 8 4121
35 4 27 3673
35 3 26 4378
35 3 16 3860
35 9 22 4057
35 7 12 4230
35 0 28 3829
35 4 5 3681
35 3 5 3908
35 5 24 3695
35 2 25 4792
35 9 24 4558
35 0 24 4308
35 0 15 4069
35 3 15 3906
35 0 22 3582
35 3 24 4237
35 0 26 3985
35 2 23 3520
35 2 11 4298
35 7 21 4149
35 4 29 4258
35 9 20 4492
35 6 24 3804
35 5 21 3801
35 1 20 3888
35 6 22 4655
35 6 17 3888
35 6 9 4014
35 4 11 3412
35 4 15 3379
36 6 17 3678
36 1 16 3807
36 5 14 4860
36 1 9 4370
36 7 0 4418
36 0 11 4003
36 1 11 4145
36 3 17 3927
36 6 11 4189
36 8 17 4786
36 3 17 3845
36 1 29 4230
36 4 10 3659
36 8 20 3954
36 1 24 4236
36 7 17 4645
36 3 29 4128
36 5 8 4347
36 5 18 3886
36 7 22 3697
36 8 9 4095
36 6 9 4292
36 1 11 4099
36 8 19 3718
36 4 27 3993
36 8 7 4465
36 4 29 4170
36 9 10 3605
36 9 29 4019
36 0 23 4185
36 4 28 4337
36 2 27 4385
36 9 20 4785
36 6 16 4838
36 8 15 3766
36 0 19 4527
36 7 26 3863
36 0 8 4547
36 0 9 4764
36 9 14 4131
36 8 17 4521
36 2 4 4877
36 8 21 4474
36 4 18 4965
36 0 6 4940
36 3 6 4049
36 6 5 4025
36 4 7 3892
36 7 2 4010
36 5 26 4053
36 9 16 4048
36 7 26 3935
36 4 27 4367
36 4 4 4513
36 6 23 4336
36 9 26 4494
36 2 3 4019
36 0 11 3844
36 6 6 4195
36 1 28 4754
36 5 24 4605
36 5 1 4434
36 1 1 3584
36 1 9 3959
37 3 16 3812
37 7 12 3920
37 4 4 4050
37 1 29 3862
37 1 5 4900
37 5 0 3960
37 1 6 3874
37 6 15 3652
37 9 27 3972
37 6 17 4968
37 3 9 3642
37 6 8 3973
37 5 13 3404
37 2 17 3962
37 6 25 4115
37 8 1 3973
37 3 15 4030
37 3 28 4022
37 9 6 3844
37 9 12 3913
37 2 14 3976
37 2 25 4062
37 1 9 3684
37 2 22 3414
37 6 21 4352
37 0 1 4181
37 0 18 4027
37 2 26 3650
37 3 26 3852
37 5 29 3478
37 3 23 4425
37 0 16 4212
37 8 5 4473
37 6 19 4261
37 2 25 3771
37 1 16 4588
37 0 14 3818
37 3 1 4587
37 5 5 4873
37 3 13 3702
37 6 25 4061
37 4 19 4371
37 3 8 4091
37 5 28 4681
37 6 20 4563
37 7 9 4456
37 5 27 3906
37 6 13 3603
37 3 2 3892
37 4 7 4127
37 8 25 4064
37 3 0 3136
37 9 26 4295
37 3 24 4199
37 1 8 3930
37 9 20 4572
37 4 14 3766
37 9 9 3536
37 4 24 3946
37 8 11 4343
37 6 5 4057
37 0 11 4001
37 5 8 3715
37 6 20 3638
38 1 10 3396
38 7 1 3535
38 7 20 3870
38 3 29 4209
38 8 16 4161
38 5 1 3989
38 4 15 3527
38 1 20 3729
38 9 0 4343
38 0 5 4295
38 6 0 3677
38 6 14 4219
38 5 7 3074
38 7 22 3979
38 7 3 4183
38 2 18 3800
38 5 9 3836
38 1 3 3364
38 1 4 3335
38 2 29 3765
38 0 9 3963
38 1 7 3967
38 4 22 3971
38 7 15 3712
38 5 27 4157
38 1 23 3593
38 7 7 3724
38 8 25 3638
38 6 25 4018
38 7 14 3540
38 1 22 4112
38 4 26 3961
38 1 28 4376
38 1 15 4282
38 2 15 3358
38 4 15 4243
38 5 7 3392
38 2 19 3856
38 2 19 4616
38 5 7 3623
38 9 26 3512
38 0 28 3890
38 5 0 3764
38 5 24 4392
38 6 25 4446
38 0 17 3955
38 7 24 3683
38 5 10 3538
38 2 19 3582
38 5 17 4300
38 4 2 3896
38 2 21 3590
38 9 16 4285
38 1 1 4115
38 7 8 3941
38 0 6 4158
38 6 23 3566
38 7 21 3573
38 3 12 3720
38 7 11 4542
38 9 7 4125
38 0 16 3952
38 2 26 3369
38 7 16 3177
39 7 14 4046
39 3 11 3718
39 6 27 4254
39 5 18 4324
39 3 28 4256
39 1 11 3968
39 6 4 4033
39 9 2 3891
39 7 6 4193
39 5 12 4673
39 1 15 3666
39 4 10 4157
39 2 14 3470
39 7 24 3949
39 2 16 4218
39 3 9 4473
39 0 6 4327
39 3 9 4036
39 6 8 4042
39 7 9 3997
39 6 8 3946
39 0 4 4384
39 2 0 4149
39 8 1 4048
39 8 5 4364
39 4 9 4024
39 0 0 4214
39 2 13 4035
39 6 9 3995
39 9 1 3580
39 7 2 4172
39 0 9 4457
39 1 15 4550
39 8 27 4550
39 3 15 4120
39 8 21 4568
39 6 11 4221
39 5 20 4370
39 3 23 4945
39 2 1 4280
39 9 28 4042
39 3 19 4273
39 0 15 4461
39 2 26 4425
39 6 24 4897
39 7 3 4333
39 6 0 4309
39 4 19 4275
39 5 23 3618
39 8 1 4223
39 0 7 4008
39 2 8 4021
39 8 18 4450
39 9 21 4470
39 3 13 4299
39 4 24 4561
39 1 9 3835
39 4 23 4055
39 4 8 4184
39 9 2 4568
39 2 9 4285
39 7 21 4260
39 9 2 3941
39 2 16 3819
40 5 11 4043
40 7 17 3891
40 0 2 4788
40 6 28 4727
40 2 25 4987
40 1 15 4370
40 0 17 4054
40 0 11 4064
40 7 16 4413
40 6 13 4929
40 6 15 4259
40 6 19 4043
40 6 5 3759
40 2 17 4558
40 7 4 4724
40 6 24 4378
40 7 13 4086
40 2 17 4434
40 7 0 4036
40 7 19 4100
40 5 10 4493
40 7 25 4629
40 8 29 4314
40 8 17 4289
40 5 24 4585
40 2 1 5256
40 1 0 4986
40 2 10 4332
40 6 6 4219
40 7 5 4395
40 1 15 4715
40 0 18 4910
40 9 4 4649
40 8 28 4554
40 4 5 4222
40 8 21 4915
40 6 7 3894
40 8 6 4910
40 6 28 4773
40 5 13 4281
40 4 7 4468
40 6 7 4952
40 8 19 4501
40 7 14 5142
40 7 7 5074
40 1 28 4773
40 2 11 4380
40 9 13 4107
40 7 7 3905
40 2 3 4221
40 4 22 4772
40 4 20 3857
40 1 24 4660
40 8 27 4790
40 2 3 4472
40 2 6 5001
40 1 8 4245
40 4 11 4108
40 9 1 4213
40 7 7 5044
40 0 28 4353
40 7 23 4118
40 2 28 4089
40 8 9 4011
41 5 10 3285
41 5 2 3597
41 4 29 4246
41 4 15 3973
41 6 3 4198
41 4 8 3876
41 8 6 3454
41 5 1 3618
41 7 21 3815
41 2 18 4455
41 4 21 3598
41 5 15 3883
41 0 15 3301
41 0 22 3870
41 3 28 4142
41 3 11 4100
41 1 28 3871
41 3 17 3963
41 0 19 3772
41 3 6 3606
41 2 7 3720
41 4 21 4240
41 6 21 3805
41 4 13 3765
41 4 27 4030
41 3 19 4223
41 8 11 3874
41 6 0 3732
41 6 26 3932
41 2 1 3535
41 6 8 4107
41 4 9 4224
41 6 9 4164
41 7 26 4440
41 9 22 3618
41 4 21 4045
41 1 9 3496
41 4 27 3968
41 2 19 4463
41 2 27 4033
41 8 26 3769
41 8 18 3963
41 7 4 4268
41 9 25 4571
41 2 3 4432
41 6 0 4071
41 3 1 3871
41 0 10 3769
41 0 29 3760
41 8 9 4002
41 1 23 3804
41 3 4 3499
41 4 19 4107
41 4 8 3958
41 0 26 4228
41 7 8 4293
41 4 5 3556
41 9 13 3846
41 9 8 3663
41 0 1 4236
41 3 19 4106
41 4 7 4129
41 2 26 3316
41 9 14 3530
42 5 29 3985
42 4 8 3673
42 4 9 4454
42 2 0 4373
42 0 6 4833
42 9 21 4113
42 5 6 4032
42 9 1 3598
42 2 10 4099
42 7 13 4458
42 0 7 3856
42 7 14 3847
42 8 1 3390
42 3 0 3780
42 7 22 3961
42 5 22 4216
42 3 1 3907
42 2 28 3972
42 0 26 3860
42 8 0 3752
42 3 7 3912
42 1 20 4356
42 6 13 4019
42 3 10 3787
42 5 20 4445
42 3 26 4620
42 0 0 3941
42 2 8 3625
42 3 15 4139
42 9 20 3292
42 9 16 4203
42 4 12 4354
42 7 26 4433
42 0 27 4367
42 5 1 3813
42 9 10 4541
42 0 3 3936
42 0 6 4492
42 8 5 4869
42 6 23 3802
42 6 2 3797
42 1 8 4271
42 4 13 4543
42 8 18 4472
42 8 9 5012
42 8 19 4674
42 5 5 4069
42 4 12 4201
42 3 4 3890
42 1 8 4214
42 7 13 4362
42 8 28 3832
42 6 10 4041
42 4 16 4371
42 6 13 4174
42 1 4 4537
42 5 13 4212
42 2 9 4166
42 6 20 3930
42 7 17 4445
42 2 28 4049
42 6 17 4423
42 3 0 3706
42 0 18 3774
43 7 1 3590
43 7 24 3875
43 4 15 4067
43 4 22 3704
43 8 19 4073
43 0 4 3827
43 4 2 3720
43 8 9 3962
43 7 12 3947
43 0 3 4659
43 4 0 3375
43 2 16 3984
43 0 11 3571
43 4 15 3793
43 3 26 3960
43 3 22 4308
43 7 0 4361
43 7 4 3986
43 8 1 3834
43 8 26 3646
43 2 19 3619
43 2 6 4290
43 3 22 3939
43 7 20 4102
43 4 10 4282
43 5 28 4080
43 0 20 3923
43 7 0 3879
43 1 3 4269
43 7 4 3505
43 9 10 4127
43 7 18 4365
43 3 6 4622
43 4 3 4298
43 9 3 3761
43 1 4 4193
43 4 13 3879
43 2 19 4435
43 5 10 4361
43 1 1 3861
43 0 8 3871
43 1 22 4099
43 8 28 4037
43 4 29 4727
43 1 21 4451
43 6 22 4006
43 3 15 4341
43 1 26 3749
43 3 25 3800
43 9 4 4339
43 0 12 3890
43 8 4 3612
43 5 11 4250
43 3 22 3831
43 3 16 4311
43 3 25 4348
43 5 7 3828
43 7 23 3888
43 5 1 4118
43 5 29 4436
43 4 3 3933
43 1 7 4109
43 8 24 3593
43 6 23 3838
44 0 17 3411
44 7 10 3770
44 0 6 4362
44 7 17 4268
44 9 22 4411
44 2 14 4469
44 9 17 3921
44 9 4 4209
44 4 18 3998
44 7 22 4983
44 1 12 3967
44 1 25 4626
44 5 4 3452
44 4 25 3906
44 9 20 4500
44 8 19 4690
44 8 8 4346
44 1 0 3985
44 4 28 3976
44 7 15 4026
44 1 19 4412
44 9 22 4286
44 7 0 4160
44 6 1 3963
44 8 23 4615
44 5 29 4596
44 8 6 4223
44 4 5 4162
44 3 10 4272
44 3 2 4264
44 1 3 4223
44 3 9 4473
44 1 26 4609
44 9 17 4310
44 5 18 3896
44 2 8 4201
44 8 23 3936
44 0 7 4408
44 3 18 4828
44 0 3 4156
44 3 16 4035
44 2 1 4668
44 4 18 4888
44 9 17 5086
44 9 22 5123
44 9 22 4624
44 7 24 4446
44 1 29 4264
44 1 2 4063
44 6 8 4279
44 2 11 4111
44 8 12 3517
44 4 0 4035
44 9 20 4252
44 8 12 4803
44 5 13 4601
44 0 18 3991
44 5 4 3963
44 8 6 3820
44 2 19 5032
44 0 3 4159
44 1 7 4792
44 0 4 3962
44 6 3 3561
45 8 23 4366
45 1 11 3965
45 6 11 5070
45 3 22 4271
45 1 5 4859
45 4 21 4378
45 7 20 4019
45 4 7 4200
45 0 11 4671
45 3 28 5263
45 9 25 4071
45 8 29 4234
45 1 29 3905
45 7 3 4568
45 6 5 4721
45 6 24 4323
45 0 17 4412
45 5 16 4341
45 0 29 4321
45 9 23 4245
45 6 13 4602
45 6 13 4734
45 3 2 4351
45 2 3 3943
45 4 15 4651
45 4 23 4728
45 3 4 4646
45 5 16 3912
45 5 14 4639
45 9 21 4082
45 9 25 4434
45 6 10 4909
45 4 21 5128
45 8 24 4921
45 2 19 4315
45 9 8 5245
45 3 15 4405
45 3 28 4866
45 7 25 4910
45 4 23 4494
45 3 10 4516
45 7 28 4350
45 4 24 4389
45 4 9 5025
45 8 25 5141
45 1 27 4576
45 2 17 4447
45 9 16 4378
45 0 18 4187
45 2 13 4728
45 9 11 4552
45 1 2 4284
45 8 5 4602
45 3 5 4162
45 2 9 4263
45 9 17 5318
45 9 8 4519
45 5 25 4273
45 2 21 4425
45 4 2 4817
45 6 27 4661
45 9 28 4284
45 6 21 3902
45 6 7 4092
46 1 0 2883
46 0 0 2973
46 3 3 3668
46 5 21 3472
46 0 10 3285
46 9 15 3624
46 9 18 2956
46 2 0 3338
46 8 10 3733
46 5 20 3792
46 1 21 3401
46 2 18 3417
46 1 13 2612
46 8 17 3200
46 6 7 3853
46 4 27 3220
46 7 6 3445
46 0 11 3271
46 2 15 3039
46 4 2 3061
46 5 13 3432
46 9 6 3973
46 3 12 3561
46 8 11 3021
46 2 15 3462
46 3 15 3103
46 8 7 3408
46 3 9 3430
46 1 4 3433
46 7 17 3484
46 1 13 3327
46 7 10 3283
46 0 27 3768
46 3 22 3792
46 4 0 3394
46 6 21 3890
46 3 26 3229
46 7 7 3402
46 0 25 3691
46 0 14 3536
46 2 4 2985
46 9 0 3459
46 1 25 3434
46 0 24 4110
46 1 29 3928
46 4 24 3056
46 2 11 3330
46 4 2 3081
46 0 10 3653
46 6 4 3581
46 0 25 3443
46 5 15 3068
46 3 14 3569
46 2 13 3154
46 1 25 3579
46 7 3 3641
46 9 18 3155
46 3 10 3287
46 3 5 3311
46 7 26 3901
46 4 1 3556
46 0 17 3564
46 2 25 3218
46 1 12 3031
47 7 20 3439
47 8 7 3738
47 5 3 4417
47 2 28 4252
47 9 7 4089
47 3 10 3840
47 2 22 3649
47 5 23 3880
47 0 8 4252
47 5 16 4568
47 6 22 3649
47 2 10 4278
47 3 3 3732
47 7 27 4341
47 0 1 4290
47 1 17 3911
47 1 9 4139
47 6 6 3794
47 4 0 3762
47 6 13 3894
47 9 29 3821
47 5 23 4199
47 1 20 3928
47 6 1 3776
47 1 4 4358
47 9 27 3951
47 6 22 4085
47 7 12 3729
47 7 27 4625
47 9 29 3711
47 8 11 4044
47 6 19 4385
47 0 24 4568
47 7 17 4263
47 4 13 3979
47 0 24 4353
47 2 8 3653
47 7 3 4264
47 8 26 4558
47 6 11 3859
47 0 6 4175
47 8 26 4349
47 0 8 4048
47 8 7 4711
47 5 10 4805
47 8 3 3748
47 1 6 4210
47 4 3 3714
47 0 1 3895
47 0 16 4155
47 4 13 3694
47 0 18 3311
47 1 20 4118
47 1 11 4257
47 8 9 3844
47 3 8 4426
47 5 1 3423
47 6 27 3781
47 9 27 3826
47 6 6 4043
47 7 24 4267
47 1 20 3967
47 0 15 3246
47 3 0 3805
48 8 14 4321
48 9 14 4401
48 9 11 5276
48 2 10 4897
48 1 15 5058
48 3 9 4827
48 5 6 4348
48 9 2 4538
48 0 6 4992
48 2 1 5472
48 3 18 4397
48 8 2 4493
48 3 1 4505
48 2 5 4565
48 7 15 5272
48 8 17 4726
48 1 7 4909
48 4 10 4646
48 8 26 4913
48 2 12 4486
48 4 26 4584
48 3 21 5000
48 4 23 4488
48 5 24 4782
48 9 7 4929
48 6 24 4908
48 6 26 5113
48 6 1 4602
48 9 18 5112
48 6 28 4219
48 3 26 4940
48 6 17 5503
48 3 10 5197
48 7 14 5365
48 8 2 4461
48 6 2 5510
48 8 9 4760
48 5 22 5249
48 2 1 5394
48 9 23 4850
48 8 27 4874
48 7 26 4883
48 5 5 5072
48 7 4 5372
48 3 26 5315
48 3 19 4747
48 2 19 4462
48 6 18 4560
48 1 25 4399
48 2 19 5311
48 9 20 4870
48 4 17 4476
48 9 29 5200
48 2 24 4773
48 0 11 4833
48 9 1 5607
48 0 19 4383
48 7 15 4574
48 4 17 4399
48 9 10 5429
48 5 22 5000
48 9 19 4954
48 3 27 4093
48 7 24 4382
49 4 1 3238
49 6 4 3489
49 1 20 4481
49 3 13 3622
49 1 15 4115
49 7 4 3677
49 8 16 3662
49 5 18 3452
49 5 24 3791
49 3 22 4156
49 1 15 3555
49 2 16 4031
49 7 1 3381
49 8 3 3554
49 0 5 4441
49 7 26 3695
49 9 25 3988
49 0 20 3734
49 5 6 3636
49 3 27 3706
49 3 2 3843
49 1 2 3999
49 9 28 4066
49 2 16 3734
49 2 8 4366
49 8 4 3935
49 3 10 3836
49 2 22 3774
49 3 2 4008
49 5 15 3494
49 8 15 3649
49 4 7 4028
49 0 26 4401
49 9 26 4008
49 2 15 3424
49 5 16 4216
49 7 8 3775
49 0 6 3940
49 6 22 4146
49 5 20 3831
49 0 15 3469
49 6 23 3803
49 8 21 4026
49 6 13 4318
49 3 11 4269
49 1 1 3948
49 8 25 3670
49 0 29 3815
49 1 12 3446
49 7 24 3929
49 7 2 3830
49 0 14 3228
49 2 20 4073
49 3 0 3831
49 4 20 4125
49 0 5 4024
49 5 7 3892
49 0 23 3653
49 8 6 3249
49 9 21 4633
49 0 20 3782
49 5 28 3707
49 5 7 3425
49 9 6 3667
50 9 6 3821
50 2 8 3458
50 8 24 4223
50 3 2 3891
50 6 28 3992
50 2 11 3815
50 8 23 3557
50 6 15 4014
50 0 28 3863
50 1 28 4259
50 5 0 3534
50 1 7 3975
50 0 26 3338
50 7 27 3876
50 6 17 4094
50 5 15 4221
50 3 18 4218
50 6 24 3613
50 2 9 3869
50 6 19 3948
50 9 29 3762
50 2 9 4236
50 2 0 3968
50 4 14 4009
50 8 25 4122
50 4 25 4205
50 7 15 4221
50 2 7 3732
50 4 22 4308
50 6 0 3752
50 9 22 3820
50 7 24 4193
50 0 23 4704
50 8 14 4330
50 4 7 3523
50 5 23 4236
50 8 17 4151
50 2 12 4219
50 7 19 4232
50 6 16 4145
50 4 22 4011
50 1 24 3833
50 7 6 4118
50 3 3 4395
50 8 20 4828
50 3 29 3740
50 2 3 4132
50 3 14 4009
50 6 4 3470
50 8 21 4184
50 1 16 3983
50 6 9 4231
50 3 1 4102
50 3 13 3817
50 0 9 3936
50 1 26 4268
50 3 24 3724
50 0 0 3975
50 0 14 3947
50 6 20 4697
50 4 21 4105
50 9 8 4232
50 4 5 3487
50 2 21 3598
51 9 12 3148
51 4 12 3807
51 8 10 4623
51 3 24 3907
51 3 26 4221
51 7 23 3825
51 7 28 3552
51 0 20 3760
51 2 2 4143
51 2 15 4557
51 6 8 3490
51 5 12 3968
51 2 17 3620
51 0 16 3648
51 2 4 4439
51 9 23 4009
51 7 25 4174
51 7 7 3856
51 8 10 4076
51 1 1 4115
51 8 0 4143
51 5 25 4214
51 0 7 4027
51 7 13 4123
51 9 19 3807
51 0 26 4057
51 0 17 4546
51 8 12 3424
51 6 21 4183
51 0 10 3596
51 5 20 4142
51 3 4 4548
51 7 0 4420
51 2 5 3850
51 2 5 3612
51 7 0 4798
51 6 24 3816
51 7 26 4570
51 1 24 4008
51 1 10 4078
51 4 13 4181
51 8 26 4353
51 1 29 3796
51 8 19 4582
51 0 28 4326
51 0 15 3893
51 0 25 3741
51 0 18 4061
51 6 2 4270
51 5 20 4318
51 9 22 4422
51 1 27 3748
51 8 0 4515
51 6 9 4215
51 5 17 4276
51 2 1 5019
51 3 2 3891
51 7 16 3576
51 1 27 4132
51 5 21 4804
51 5 5 4283
51 7 28 3914
51 1 27 3617
51 8 19 3646
52 1 23 3912
52 9 12 3959
52 8 22 5089
52 0 16 4675
52 5 26 4983
52 8 10 4376
52 5 22 4299
52 1 28 3951
52 4 0 4754
52 4 26 5129
52 7 12 4337
52 7 22 4517
52 7 16 3847
52 2 10 4232
52 5 20 4520
52 1 18 4032
52 6 23 4308
52 1 14 4121
52 5 11 4194
52 2 0 4523
52 7 2 4410
52 2 4 4298
52 4 5 4531
52 3 19 4074
52 5 9 4592
52 7 2 4319
52 1 24 4155
52 7 1 4262
52 3 21 4337
52 3 8 3892
52 2 25 4527
52 7 10 4209
52 8 28 4716
52 4 25 4757
52 1 8 4359
52 8 0 5268
52 1 20 4140
52 4 27 4784
52 6 29 5035
52 6 23 4309
52 9 15 4370
52 8 22 4750
52 0 5 4313
52 5 5 5279
52 6 19 4795
52 3 0 4807
52 4 2 4317
52 0 2 4344
52 0 26 4492
52 7 23 4943
52 7 15 4756
52 3 8 3578
52 8 28 4760
52 5 16 4739
52 9 14 4370
52 9 28 4891
52 9 27 4419
52 3 1 4022
52 4 28 4084
52 6 13 4867
52 9 12 4747
52 3 23 4456
52 4 16 3897
52 7 7 3983
53 4 7 3865
53 0 1 4076
53 4 24 4529
53 9 12 4894
53 4 7 4947
53 8 3 4559
53 3 0 4260
53 4 4 4622
53 9 7 4353
53 6 14 5062
53 7 4 4259
53 7 7 4536
53 6 2 3619
53 2 23 4494
53 0 10 4633
53 0 15 4779
53 7 0 4401
53 6 1 4351
53 6 18 4030
53 6 0 4314
53 7 26 4296
53 6 0 4890
53 8 20 4435
53 4 8 4484
53 9 2 4633
53 4 8 4761
53 7 3 4942
53 5 15 4255
53 7 0 4846
53 8 8 4670
53 2 0 5054
53 3 19 4772
53 3 1 5065
53 2 9 4755
53 9 10 3920
53 0 6 5097
53 9 6 4368
53 8 17 4266
53 8 3 5224
53 5 7 4240
53 7 1 4500
53 5 26 4856
53 4 23 4226
53 2 2 5269
53 5 12 5298
53 0 17 4319
53 5 25 4165
53 8 28 4173
53 6 2 4197
53 7 8 4791
53 3 9 4735
53 6 12 4418
53 7 5 5284
53 1 25 4902
53 0 17 4685
53 4 27 4722
53 0 2 3980
53 4 15 4176
53 7 28 4232
53 7 2 5064
53 2 19 4528
53 1 7 4679
53 6 9 3977
53 5 2 4188
54 3 5 3582
54 2 16 3673
54 4 9 4444
54 0 14 4112
54 4 12 4463
54 9 14 4100
54 1 26 3699
54 3 1 3995
54 0 27 4144
54 8 7 4492
54 7 17 3824
54 1 20 4093
54 8 4 3555
54 7 4 3895
54 3 25 3868
54 9 16 3871
54 0 1 4151
54 5 6 4018
54 2 7 3542
54 0 16 3595
54 1 22 4101
54 2 24 4377
54 8 26 4384
54 8 0 3785
54 5 26 4116
54 9 3 3987
54 6 0 4408
54 5 4 3606
54 6 12 4204
54 9 9 3880
54 9 8 3998
54 7 21 4279
54 1 4 4463
54 8 4 4447
54 2 18 3652
54 2 15 4411
54 2 5 3558
54 0 12 4179
54 3 28 4415
54 2 0 3990
54 6 11 3824
54 5 22 4189
54 3 10 4258
54 7 29 4514
54 5 6 4592
54 0 14 4002
54 6 10 4158
54 6 29 3734
54 4 26 3795
54 3 18 4398
54 6 8 4148
54 4 9 3462
54 3 6 4220
54 1 28 3889
54 4 26 4166
54 8 20 3799
54 7 24 3800
54 5 3 3980
54 4 2 3669
54 2 11 4498
54 0 25 4150
54 6 28 4235
54 5 24 3754
54 7 11 3533
55 0 23 3492
55 0 26 3705
55 3 26 4274
55 5 6 4298
55 2 19 4707
55 6 28 3880
55 5 16 3592
55 0 14 3855
55 2 15 4359
55 7 29 4833
55 9 12 3938
55 0 1 4312
55 7 6 3484
55 9 4 4226
55 0 19 3906
55 5 12 4259
55 4 7 4051
55 9 27 4075
55 5 14 3771
55 5 19 3493
55 3 13 4148
55 7 10 4610
55 9 20 4456
55 5 2 3904
55 5 12 4102
55 3 7 4071
55 6 3 4392
55 8 23 3861
55 2 0 4276
55 9 24 4005
55 9 27 4026
55 7 15 4303
55 4 16 4704
55 2 22 4487
55 2 29 3619
55 1 18 4659
55 2 21 3750
55 8 11 4109
55 1 15 4433
55 5 8 3902
55 8 28 3869
55 5 14 4260
55 2 16 4183
55 0 26 4662
55 6 11 4770
55 0 27 4184
55 8 27 4270
55 2 5 3975
55 5 24 3836
55 7 28 4013
55 3 0 4614
55 6 5 3712
55 1 6 4489
55 8 2 4271
55 2 14 4261
55 1 12 4265
55 4 18 3957
55 8 28 3903
55 4 10 3969
55 4 12 4471
55 2 15 4260
55 9 22 4068
55 4 21 3696
55 7 10 3673
56 7 16 3830
56 8 22 3782
56 7 16 4569
56 9 0 4087
56 4 28 4386
56 3 6 4197
56 4 6 3877
56 0 8 4021
56 6 29 4377
56 7 13 4528
56 1 23 3906
56 5 23 3941
56 8 5 3438
56 6 13 3945
56 6 5 4540
56 3 4 3960
56 4 23 4194
56 8 1 4158
56 9 8 4096
56 1 15 4003
56 6 26 3766
56 4 10 4469
56 4 24 4183
56 0 3 4176
56 5 9 4309
56 6 17 4362
56 3 3 4477
56 2 3 4022
56 8 10 4403
56 6 27 3967
56 6 1 4814
56 3 0 4202
56 4 11 4405
56 3 25 4139
56 9 16 4038
56 3 25 4243
56 5 17 4040
56 7 21 4399
56 1 0 4377
56 4 19 4323
56 1 2 4373
56 8 4 4691
56 6 0 3842
56 0 14 4740
56 1 16 4769
56 3 19 3894
56 0 26 4239
56 1 26 3906
56 8 26 4051
56 4 19 4602
56 4 17 4148
56 7 9 4029
56 4 26 4502
56 3 7 4579
56 6 9 4148
56 8 28 4357
56 2 16 3955
56 4 18 3648
56 7 24 3949
56 4 20 4808
56 3 20 4484
56 1 5 4202
56 6 4 3342
56 1 16 4093
57 2 7 3866
57 6 26 3692
57 6 5 4404
57 8 12 4448
57 1 21 4362
57 0 20 4042
57 2 0 3863
57 0 4 3284
57 7 4 4462
57 4 26 4622
57 1 1 4246
57 6 16 4219
57 1 9 3344
57 1 29 3934
57 3 14 4441
57 6 5 4052
57 2 14 3861
57 3 8 3719
57 9 21 4427
57 1 12 4063
57 4 3 4221
57 2 27 4542
57 3 12 4386
57 3 12 3906
57 7 8 4405
57 8 0 4311
57 1 24 4190
57 6 22 4150
57 5 29 4177
57 1 8 4220
57 3 29 4293
57 5 27 4525
57 5 29 4328
57 6 16 4573
57 2 19 3933
57 9 17 4887
57 4 1 3864
57 6 17 4667
57 6 29 4483
57 2 15 4311
57 7 0 3928
57 5 8 4313
57 7 23 3882
57 2 12 4921
57 2 6 4721
57 3 27 4525
57 7 18 4194
57 5 3 4176
57 9 23 4086
57 1 14 4471
57 2 10 4453
57 1 26 3862
57 4 29 4769
57 5 10 4686
57 8 27 4203
57 5 28 4659
57 8 2 3993
57 8 7 3723
57 5 21 3911
57 9 9 4736
57 9 24 4774
57 6 16 4079
57 5 1 3788
57 9 14 4128
58 4 1 3533
58 8 6 3616
58 3 21 3953
58 4 29 3846
58 0 22 4284
58 9 11 3783
58 1 26 3738
58 9 1 3575
58 8 7 4032
58 8 15 4353
58 0 28 3530
58 4 9 3990
58 2 1 3136
58 6 27 3721
58 2 7 4112
58 4 19 4061
58 0 24 4011
58 7 26 4112
58 8 12 3794
58 5 20 3402
58 6 5 3531
58 1 7 4232
58 3 2 3894
58 9 14 3490
58 0 17 4165
58 9 22 3729
58 7 16 3783
58 2 22 3773
58 7 28 4141
58 9 11 3456
58 7 15 4262
58 0 28 4170
58 2 10 4348
58 4 10 4099
58 2 19 3940
58 0 10 4148
58 6 24 3410
58 7 2 3877
58 6 26 4338
58 6 28 3638
58 4 7 3901
58 1 21 3894
58 3 15 4109
58 3 10 4492
58 5 25 4583
58 4 2 3647
58 2 6 4228
58 2 4 3486
58 6 8 3634
58 4 0 4123
58 0 7 3361
58 0 6 3449
58 1 28 4084
58 0 19 4168
58 6 16 3999
58 8 0 4039
58 4 1 3457
58 4 17 3659
58 8 19 3281
58 0 13 4201
58 6 26 4179
58 5 9 3886
58 2 0 3170
58 3 11 3413
59 8 20 3616
59 1 28 3644
59 9 14 4526
59 7 20 4511
59 4 27 4297
59 1 20 3929
59 4 11 4285
59 1 0 3950
59 4 27 4331
59 9 12 4760
59 6 29 4274
59 5 15 4469
59 5 3 3953
59 4 20 4162
59 3 29 3989
59 1 3 4427
59 1 12 4135
59 2 0 3990
59 8 21 3732
59 2 22 4192
59 8 6 4103
59 3 24 4491
59 7 26 4227
59 6 22 4029
59 3 26 3995
59 4 1 4377
59 5 22 4537
59 6 13 3524
59 7 2 4265
59 3 20 4012
59 4 4 4536
59 5 27 4266
59 8 9 4276
59 8 27 4446
59 0 2 3868
59 1 19 4679
59 8 24 4100
59 5 18 4367
59 0 22 4755
59 0 5 4650
59 8 6 3961
59 7 5 4714
59 0 15 4264
59 8 7 4833
59 0 13 4989
59 9 26 4408
59 7 5 3959
59 3 18 4129
59 4 13 3605
59 7 15 4344
59 6 18 4417
59 6 16 3776
59 3 23 4634
59 4 25 4462
59 5 6 4157
59 1 25 4484
59 5 0 3936
59 1 25 3571
59 7 11 4028
59 3 17 4932
59 5 14 4603
59 5 12 4171
59 9 29 3899
59 2 26 4050
60 2 29 3572
60 3 20 3338
60 8 29 3652
60 7 23 3971
60 2 3 4123
60 8 0 3839
60 0 19 3618
60 5 7 3426
60 9 26 4029
60 2 27 4246
60 8 27 3749
60 6 25 3981
60 4 12 3358
60 7 23 3708
60 3 22 3495
60 1 15 3872
60 1 14 3714
60 8 1 3572
60 3 27 3616
60 4 28 3659
60 2 13 3917
60 0 24 3803
60 4 15 3618
60 1 6 3257
60 4 26 3894
60 3 4 3965
60 3 1 3705
60 9 19 3295
60 5 28 3706
60 3 8 3526
60 0 24 3779
60 6 4 3795
60 1 14 3970
60 5 14 3993
60 3 0 3703
60 4 25 4296
60 5 24 3592
60 0 29 3711
60 2 21 4353
60 5 6 3735
60 7 0 3545
60 2 3 3940
60 4 1 3599
60 2 29 4421
60 1 27 4349
60 8 12 3784
60 4 16 3445
60 8 15 3587
60 2 13 3381
60 1 25 3994
60 5 18 3818
60 2 10 3563
60 4 2 4268
60 0 6 3983
60 6 7 3727
60 4 25 3807
60 8 6 3473
60 0 2 3598
60 9 5 3794
60 3 21 4272
60 4 23 4295
60 5 8 3477
60 9 3 3420
60 5 1 3443
61 8 29 3485
61 8 14 3581
61 9 23 4361
61 4 13 3968
61 5 26 4203
61 0 3 3786
61 4 16 3859
61 1 4 3915
61 3 11 3985
61 8 14 4174
61 8 13 3740
61 5 3 3690
61 7 22 3570
61 3 8 3809
61 7 11 3785
61 2 26 3936
61 0 20 3570
61 0 19 3721
61 3 26 3552
61 4 1 3863
61 5 14 3808
61 6 19 3940
61 1 17 3530
61 5 16 3728
61 1 5 3820
61 0 29 4179
61 8 28 4255
61 2 25 3503
61 2 6 3623
61 4 0 3345
61 7 6 4354
61 8 19 3875
61 8 20 4088
61 0 24 4049
61 6 24 3501
61 7 23 4074
61 1 13 3543
61 2 24 4224
61 1 19 4381
61 2 22 4040
61 4 2 3745
61 1 13 4430
61 2 16 4057
61 8 5 4410
61 4 4 4553
61 7 23 4190
61 2 15 3813
61 2 21 3746
61 5 4 3417
61 7 13 4377
61 8 24 4079
61 7 21 3442
61 7 11 3669
61 5 0 3975
61 1 9 3486
61 4 17 4302
61 2 28 4014
61 0 26 3239
61 4 1 3840
61 3 20 4421
61 7 20 4060
61 3 0 3946
61 5 17 3282
61 3 2 3582
62 1 20 3642
62 8 11 3575
62 6 7 4714
62 5 5 4607
62 0 2 4293
62 6 3 4357
62 2 20 3789
62 1 16 4006
62 0 13 4423
62 2 16 4779
62 4 6 4131
62 6 4 4187
62 6 19 3661
62 4 24 3971
62 6 9 4314
62 8 19 3785
62 9 18 4459
62 3 5 3699
62 5 18 4026
62 0 28 4192
62 2 8 4122
62 1 24 4293
62 1 22 4488
62 0 1 3927
62 8 23 4276
62 8 4 4008
62 1 24 4238
62 8 17 4110
62 6 12 4532
62 3 4 4366
62 3 14 4338
62 6 12 4268
62 2 1 4548
62 9 20 4455
62 1 12 4228
62 8 23 4717
62 2 19 4027
62 8 3 4732
62 4 28 4524
62 7 24 4343
62 3 7 4140
62 8 4 4815
62 3 7 4262
62 4 21 4997
62 1 9 4770
62 6 25 4126
62 3 4 4377
62 9 26 4224
62 5 1 4320
62 6 16 4595
62 3 26 4417
62 9 17 3767
62 7 27 4994
62 3 11 4408
62 8 10 4385
62 5 1 4413
62 9 26 3791
62 8 2 4146
62 3 4 4260
62 6 6 4686
62 3 12 4498
62 1 7 4528
62 6 23 3894
62 3 21 4006
63 4 11 4123
63 7 29 3651
63 9 8 4092
63 6 6 4208
63 6 29 4394
63 0 16 3870
63 1 7 4039
63 9 2 4021
63 3 7 4169
63 7 28 4683
63 1 13 3818
63 5 25 3893
63 7 28 3520
63 4 3 3846
63 1 19 3546
63 6 15 4245
63 0 15 4059
63 6 21 3732
63 3 23 3878
63 7 21 3759
63 4 29 3868
63 7 8 4291
63 7 17 3978
63 2 2 3427
63 4 29 4273
63 1 28 4421
63 2 28 4112
63 5 29 3571
63 6 9 4142
63 4 18 3802
63 8 2 4342
63 5 20 4202
63 7 2 4357
63 1 11 4616
63 7 0 4103
63 4 23 4562
63 0 2 3721
63 3 29 4099
63 9 26 4734
63 1 5 4020
63 5 24 4248
63 5 0 4448
63 2 10 3767
63 1 19 4676
63 9 8 4677
63 9 17 4379
63 0 16 4184
63 9 28 3960
63 0 10 3597
63 1 27 4207
63 1 25 4042
63 3 3 3475
63 9 6 4154
63 2 0 4089
63 2 3 3876
63 8 20 4377
63 8 23 4318
63 2 12 3755
63 6 3 4142
63 1 7 4113
63 1 22 4084
63 5 14 4229
63 9 16 3461
63 2 19 3575
